1 SIMPLE_PINHOLE 1008 756 770.3790893554688 504 378
2 SIMPLE_PINHOLE 1008 756 770.3790893554688 504 378
3 SIMPLE_PINHOLE 1008 756 770.379150390625 504 378
4 SIMPLE_PINHOLE 1008 756 770.3790893554688 504 378
5 SIMPLE_PINHOLE 1008 756 770.3790893554688 504 378
6 SIMPLE_PINHOLE 1008 756 770.3790893554688 504 378
7 SIMPLE_PINHOLE 1008 756 770.3790893554688 504 378
8 SIMPLE_PINHOLE 1008 756 770.379150390625 504 378
9 SIMPLE_PINHOLE 1008 756 770.3790893554688 504 378
10 SIMPLE_PINHOLE 1008 756 770.3790893554688 504 378
11 SIMPLE_PINHOLE 1008 756 770.379150390625 504 378
12 SIMPLE_PINHOLE 1008 756 770.3790893554688 504 378
13 SIMPLE_PINHOLE 1008 756 770.3792114257812 504 378
14 SIMPLE_PINHOLE 1008 756 770.3790893554688 504 378
15 SIMPLE_PINHOLE 1008 756 770.3790893554688 504 378
16 SIMPLE_PINHOLE 1008 756 770.3790283203125 504 378
17 SIMPLE_PINHOLE 1008 756 770.3790893554688 504 378
18 SIMPLE_PINHOLE 1008 756 770.3790893554688 504 378
19 SIMPLE_PINHOLE 1008 756 770.3790893554688 504 378
20 SIMPLE_PINHOLE 1008 756 770.3790893554688 504 378
21 SIMPLE_PINHOLE 1008 756 770.3790283203125 504 378
22 SIMPLE_PINHOLE 1008 756 770.3790283203125 504 378
23 SIMPLE_PINHOLE 1008 756 770.3790893554688 504 378
24 SIMPLE_PINHOLE 1008 756 770.379150390625 504 378
25 SIMPLE_PINHOLE 1008 756 770.3790893554688 504 378
26 SIMPLE_PINHOLE 1008 756 770.379150390625 504 378
27 SIMPLE_PINHOLE 1008 756 770.379150390625 504 378
28 SIMPLE_PINHOLE 1008 756 770.3790893554688 504 378
29 SIMPLE_PINHOLE 1008 756 770.3790893554688 504 378
30 SIMPLE_PINHOLE 1008 756 770.3790893554688 504 378
