1 0.839545086080778 0.05650703201937291 -0.4384336048197196 -0.3158274496220455 3.9879698753356934 1.3486062288284302 2.1347947120666504 1 000.png

2 0.8810588347319934 0.06655800494282818 -0.38379942055393407 -0.26833443033125126 3.1497082710266113 1.6390870809555054 1.7253291606903076 2 001.png

3 0.9289825888756923 0.06795711050979494 -0.2860140206237408 -0.22487587843879167 1.695573091506958 1.9209524393081665 1.3079746961593628 3 002.png

4 0.9610096127260528 0.06202545576576533 -0.20437192982801242 -0.17562881706469818 0.540551483631134 1.880854845046997 0.9466026425361633 4 003.png

5 0.9810103640907963 0.0598002279555261 -0.13681387282341476 -0.12379241691625982 -0.5727628469467163 1.7357617616653442 0.8971543312072754 5 004.png

6 0.9929536999562333 0.042102858651040666 -0.0788465882973649 -0.07780433503670028 -1.5777392387390137 1.3856145143508911 1.2063506841659546 6 005.png

7 0.9989174531783054 0.03433951936450794 -0.021308613658558604 -0.023036104912338366 -2.5438640117645264 0.8835583925247192 1.3905212879180908 7 006.png

8 0.9986557631150983 0.007875046060505505 0.040147716121874316 0.03182469696231552 -3.475846529006958 0.3885485529899597 1.641155481338501 8 007.png

9 0.9908159411075262 0.010136551081702463 0.10426998144505623 0.08549147412942834 -4.180647850036621 -0.2180490791797638 1.8802876472473145 9 008.png

10 0.9928014626216758 -0.053407572854856186 0.09397407993739884 0.051592240481817486 -3.990915298461914 -1.0152441263198853 0.994060754776001 10 009.png

11 0.9955542025040859 -0.023672181209709955 0.07880116611234834 0.045845762427536324 -3.3865299224853516 -1.043800711631775 1.1197618246078491 11 010.png

12 0.9999776016767603 -0.00032291025323033355 -0.0065126239054561575 -0.0015091731607791959 -2.630823850631714 -0.5914297103881836 0.7301124334335327 12 011.png

13 0.976688716823335 0.0003501573771891053 -0.16931283333909405 -0.13195526623248777 -1.6921457052230835 0.17723448574543 0.16795827448368073 13 012.png

14 0.9610046370200154 0.01045282838862188 -0.21919396177438938 -0.16827011952914964 -0.6519212126731873 0.03441782295703888 0.9428356885910034 14 013.png

15 0.9395866593474397 -0.010620611498299468 -0.271070170445855 -0.20877038794373054 0.07213639467954636 0.0035782349295914173 1.485228180885315 15 014.png

16 0.9160560338034822 -0.016706298052036838 -0.32733802603706097 -0.2311104914273503 1.0029950141906738 -0.22675558924674988 1.8553770780563354 16 015.png

17 0.8787978913078776 -0.024311721724799413 -0.3955431298198859 -0.2658361128061666 1.7077064514160156 -0.560234546661377 1.9474400281906128 17 016.png

18 0.8301123009892207 -0.03894941887689272 -0.46408446743271914 -0.3066302620473455 2.17684268951416 -0.9299097657203674 2.083829641342163 18 017.png

19 0.8031648026711719 -0.01766226614343882 -0.5105654522870547 -0.3064918645507106 2.8374314308166504 -1.0702261924743652 2.3432414531707764 19 018.png

20 0.7882451207765703 0.005632299419830567 -0.533885322809184 -0.305948310771785 3.3840878009796143 -1.1164114475250244 2.6974010467529297 20 019.png

21 0.8207376505821646 -0.09038047536535036 -0.5191594080782934 -0.2206685015886922 3.6397345066070557 -1.847525954246521 2.1256496906280518 21 020.png

22 0.8637051304764748 -0.1632587311977157 -0.4276211426897376 -0.21095068760506902 3.0274415016174316 -2.2401163578033447 1.6349951028823853 22 021.png

23 0.9559180017727007 -0.1948408136779293 -0.1818257615530591 -0.12327701995043415 -0.3450109362602234 -2.2591171264648438 0.69621342420578 23 022.png

24 0.9719947567459729 -0.18318388245320016 -0.02944632563937122 -0.14423166078932886 -3.0960068702697754 -2.114417791366577 0.6618168354034424 24 023.png

25 0.9686025628465428 -0.19794147796318254 0.04326028217275587 -0.14407218515450632 -4.133195400238037 -1.786142110824585 1.2567778825759888 25 024.png

26 0.9636467827509504 -0.20009089565946409 0.12472419923640286 -0.12566775916190295 -4.956663608551025 -1.8089611530303955 2.1336021423339844 26 025.png

27 0.9521419873668908 -0.2102660167886285 0.1903925266733575 -0.11386186307893247 -5.411692142486572 -1.6498810052871704 2.9815104007720947 27 026.png

28 0.92897460092399 -0.25559849717760186 -0.2377219352773592 -0.12314170928914364 -0.17446406185626984 -2.9370625019073486 0.947300910949707 28 027.png

29 0.9074941319181218 -0.2282425305975817 -0.3207869590805579 -0.14647687409429233 1.0540602207183838 -2.6590023040771484 1.1439025402069092 29 028.png

30 0.8780964760632652 -0.21247651354701225 -0.39718095096448924 -0.16139269533385328 2.169916868209839 -2.5323469638824463 1.6928737163543701 30 029.png

